16 16 16
-5.250000 -5.250000 -5.250000 5.250000 5.250000 5.250000
-4.097145
-3.759694
-3.437250
-3.143824
-2.903825
-2.693175
-2.549117
-2.464586
-2.424621
-2.464586
-2.549117
-2.693175
-2.903825
-3.143824
-3.437250
-3.759694
-4.097145
-3.759694
-3.376537
-3.044350
-2.722077
-2.464370
-2.253973
-2.123366
-2.033665
-1.996625
-2.033665
-2.123366
-2.253973
-2.464370
-2.722077
-3.044350
-3.376537
-3.759694
-3.437250
-3.044350
-2.659362
-2.349739
-2.084516
-1.883944
-1.723823
-1.618154
-1.580305
-1.618154
-1.723823
-1.883944
-2.084516
-2.349739
-2.659362
-3.044350
-3.437250
-3.143824
-2.722077
-2.349739
-2.026212
-1.757396
-1.515724
-1.329335
-1.231570
-1.200934
-1.231570
-1.329335
-1.515724
-1.757396
-2.026212
-2.349739
-2.722077
-3.143824
-2.903825
-2.464370
-2.084516
-1.757396
-1.437446
-1.205634
-1.042692
-0.933255
-0.891579
-0.933255
-1.042692
-1.205634
-1.437446
-1.757396
-2.084516
-2.464370
-2.903825
-2.693175
-2.253973
-1.883944
-1.515724
-1.205634
-0.966641
-0.769558
-0.652848
-0.619511
-0.652848
-0.769558
-0.966641
-1.205634
-1.515724
-1.883944
-2.253973
-2.693175
-2.549117
-2.123366
-1.723823
-1.329335
-1.042692
-0.769558
-0.586827
-0.475690
-0.429012
-0.475690
-0.586827
-0.769558
-1.042692
-1.329335
-1.723823
-2.123366
-2.549117
-2.464586
-2.033665
-1.618154
-1.231570
-0.933255
-0.652848
-0.475690
-0.339764
-0.313120
-0.339764
-0.475690
-0.652848
-0.933255
-1.231570
-1.618154
-2.033665
-2.464586
-2.424621
-1.996625
-1.580305
-1.200934
-0.891579
-0.619511
-0.429012
-0.313120
-0.250000
-0.313120
-0.429012
-0.619511
-0.891579
-1.200934
-1.580305
-1.996625
-2.424621
-2.464586
-2.033665
-1.618154
-1.231570
-0.933255
-0.652848
-0.475690
-0.339764
-0.313120
-0.339764
-0.475690
-0.652848
-0.933255
-1.231570
-1.618154
-2.033665
-2.464586
-2.549117
-2.123366
-1.723823
-1.329335
-1.042692
-0.769558
-0.586827
-0.475690
-0.429012
-0.475690
-0.586827
-0.769558
-1.042692
-1.329335
-1.723823
-2.123366
-2.549117
-2.693175
-2.253973
-1.883944
-1.515724
-1.205634
-0.966641
-0.769558
-0.652848
-0.619511
-0.652848
-0.769558
-0.966641
-1.205634
-1.515724
-1.883944
-2.253973
-2.693175
-2.903825
-2.464370
-2.084516
-1.757396
-1.437446
-1.205634
-1.042692
-0.933255
-0.891579
-0.933255
-1.042692
-1.205634
-1.437446
-1.757396
-2.084516
-2.464370
-2.903825
-3.143824
-2.722077
-2.349739
-2.026212
-1.757396
-1.515724
-1.329335
-1.231570
-1.200934
-1.231570
-1.329335
-1.515724
-1.757396
-2.026212
-2.349739
-2.722077
-3.143824
-3.437250
-3.044350
-2.659362
-2.349739
-2.084516
-1.883944
-1.723823
-1.618154
-1.580305
-1.618154
-1.723823
-1.883944
-2.084516
-2.349739
-2.659362
-3.044350
-3.437250
-3.759694
-3.376537
-3.044350
-2.722077
-2.464370
-2.253973
-2.123366
-2.033665
-1.996625
-2.033665
-2.123366
-2.253973
-2.464370
-2.722077
-3.044350
-3.376537
-3.759694
-4.097145
-3.759694
-3.437250
-3.143824
-2.903825
-2.693175
-2.549117
-2.464586
-2.424621
-2.464586
-2.549117
-2.693175
-2.903825
-3.143824
-3.437250
-3.759694
-4.097145
-3.737989
-3.366892
-3.024659
-2.728367
-2.488706
-2.277986
-2.130443
-2.040685
-1.996625
-2.040685
-2.130443
-2.277986
-2.488706
-2.728367
-3.024659
-3.366892
-3.737989
-3.366892
-2.961304
-2.629231
-2.306786
-2.040450
-1.802455
-1.644225
-1.538994
-1.496544
-1.538994
-1.644225
-1.802455
-2.040450
-2.306786
-2.629231
-2.961304
-3.366892
-3.024659
-2.629231
-2.242803
-1.913887
-1.597515
-1.377662
-1.217522
-1.111853
-1.073017
-1.111853
-1.217522
-1.377662
-1.597515
-1.913887
-2.242803
-2.629231
-3.024659
-2.728367
-2.306786
-1.913887
-1.529877
-1.251095
-1.009423
-0.818017
-0.697928
-0.656696
-0.697928
-0.818017
-1.009423
-1.251095
-1.529877
-1.913887
-2.306786
-2.728367
-2.488706
-2.040450
-1.597515
-1.251095
-0.930158
-0.663475
-0.464554
-0.355118
-0.312819
-0.355118
-0.464554
-0.663475
-0.930158
-1.251095
-1.597515
-2.040450
-2.488706
-2.277986
-1.802455
-1.377662
-1.009423
-0.663475
-0.387881
-0.190810
-0.057972
-0.006562
-0.057972
-0.190810
-0.387881
-0.663475
-1.009423
-1.377662
-1.802455
-2.277986
-2.130443
-1.644225
-1.217522
-0.818017
-0.464554
-0.190810
0.041149
0.152045
0.198899
0.152045
0.041149
-0.190810
-0.464554
-0.818017
-1.217522
-1.644225
-2.130443
-2.040685
-1.538994
-1.111853
-0.697928
-0.355118
-0.057972
0.152045
0.310445
0.339954
0.310445
0.152045
-0.057972
-0.355118
-0.697928
-1.111853
-1.538994
-2.040685
-1.996625
-1.496544
-1.073017
-0.656696
-0.312819
-0.006562
0.198899
0.339954
0.404274
0.339954
0.198899
-0.006562
-0.312819
-0.656696
-1.073017
-1.496544
-1.996625
-2.040685
-1.538994
-1.111853
-0.697928
-0.355118
-0.057972
0.152045
0.310445
0.339954
0.310445
0.152045
-0.057972
-0.355118
-0.697928
-1.111853
-1.538994
-2.040685
-2.130443
-1.644225
-1.217522
-0.818017
-0.464554
-0.190810
0.041149
0.152045
0.198899
0.152045
0.041149
-0.190810
-0.464554
-0.818017
-1.217522
-1.644225
-2.130443
-2.277986
-1.802455
-1.377662
-1.009423
-0.663475
-0.387881
-0.190810
-0.057972
-0.006562
-0.057972
-0.190810
-0.387881
-0.663475
-1.009423
-1.377662
-1.802455
-2.277986
-2.488706
-2.040450
-1.597515
-1.251095
-0.930158
-0.663475
-0.464554
-0.355118
-0.312819
-0.355118
-0.464554
-0.663475
-0.930158
-1.251095
-1.597515
-2.040450
-2.488706
-2.728367
-2.306786
-1.913887
-1.529877
-1.251095
-1.009423
-0.818017
-0.697928
-0.656696
-0.697928
-0.818017
-1.009423
-1.251095
-1.529877
-1.913887
-2.306786
-2.728367
-3.024659
-2.629231
-2.242803
-1.913887
-1.597515
-1.377662
-1.217522
-1.111853
-1.073017
-1.111853
-1.217522
-1.377662
-1.597515
-1.913887
-2.242803
-2.629231
-3.024659
-3.366892
-2.961304
-2.629231
-2.306786
-2.040450
-1.802455
-1.644225
-1.538994
-1.496544
-1.538994
-1.644225
-1.802455
-2.040450
-2.306786
-2.629231
-2.961304
-3.366892
-3.737989
-3.366892
-3.024659
-2.728367
-2.488706
-2.277986
-2.130443
-2.040685
-1.996625
-2.040685
-2.130443
-2.277986
-2.488706
-2.728367
-3.024659
-3.366892
-3.737989
-3.428132
-3.047715
-2.680161
-2.346187
-2.082855
-1.863024
-1.715323
-1.625565
-1.580305
-1.625565
-1.715323
-1.863024
-2.082855
-2.346187
-2.680161
-3.047715
-3.428132
-3.047715
-2.609641
-2.235854
-1.892268
-1.625331
-1.386444
-1.228938
-1.119741
-1.073017
-1.119741
-1.228938
-1.386444
-1.625331
-1.892268
-2.235854
-2.609641
-3.047715
-2.680161
-2.235854
-1.826482
-1.498768
-1.180115
-0.937478
-0.742552
-0.614167
-0.568466
-0.614167
-0.742552
-0.937478
-1.180115
-1.498768
-1.826482
-2.235854
-2.680161
-2.346187
-1.892268
-1.498768
-1.109069
-0.783424
-0.503122
-0.311678
-0.190663
-0.149408
-0.190663
-0.311678
-0.503122
-0.783424
-1.109069
-1.498768
-1.892268
-2.346187
-2.082855
-1.625331
-1.180115
-0.783424
-0.422870
-0.157174
0.061917
0.209065
0.265656
0.209065
0.061917
-0.157174
-0.422870
-0.783424
-1.180115
-1.625331
-2.082855
-1.863024
-1.386444
-0.937478
-0.503122
-0.157174
0.165573
0.387435
0.520165
0.574677
0.520165
0.387435
0.165573
-0.157174
-0.503122
-0.937478
-1.386444
-1.863024
-1.715323
-1.228938
-0.742552
-0.311678
0.061917
0.387435
0.627697
0.779780
0.826634
0.779780
0.627697
0.387435
0.061917
-0.311678
-0.742552
-1.228938
-1.715323
-1.625565
-1.119741
-0.614167
-0.190663
0.209065
0.520165
0.779780
0.938180
0.993013
0.938180
0.779780
0.520165
0.209065
-0.190663
-0.614167
-1.119741
-1.625565
-1.580305
-1.073017
-0.568466
-0.149408
0.265656
0.574677
0.826634
0.993013
1.057333
0.993013
0.826634
0.574677
0.265656
-0.149408
-0.568466
-1.073017
-1.580305
-1.625565
-1.119741
-0.614167
-0.190663
0.209065
0.520165
0.779780
0.938180
0.993013
0.938180
0.779780
0.520165
0.209065
-0.190663
-0.614167
-1.119741
-1.625565
-1.715323
-1.228938
-0.742552
-0.311678
0.061917
0.387435
0.627697
0.779780
0.826634
0.779780
0.627697
0.387435
0.061917
-0.311678
-0.742552
-1.228938
-1.715323
-1.863024
-1.386444
-0.937478
-0.503122
-0.157174
0.165573
0.387435
0.520165
0.574677
0.520165
0.387435
0.165573
-0.157174
-0.503122
-0.937478
-1.386444
-1.863024
-2.082855
-1.625331
-1.180115
-0.783424
-0.422870
-0.157174
0.061917
0.209065
0.265656
0.209065
0.061917
-0.157174
-0.422870
-0.783424
-1.180115
-1.625331
-2.082855
-2.346187
-1.892268
-1.498768
-1.109069
-0.783424
-0.503122
-0.311678
-0.190663
-0.149408
-0.190663
-0.311678
-0.503122
-0.783424
-1.109069
-1.498768
-1.892268
-2.346187
-2.680161
-2.235854
-1.826482
-1.498768
-1.180115
-0.937478
-0.742552
-0.614167
-0.568466
-0.614167
-0.742552
-0.937478
-1.180115
-1.498768
-1.826482
-2.235854
-2.680161
-3.047715
-2.609641
-2.235854
-1.892268
-1.625331
-1.386444
-1.228938
-1.119741
-1.073017
-1.119741
-1.228938
-1.386444
-1.625331
-1.892268
-2.235854
-2.609641
-3.047715
-3.428132
-3.047715
-2.680161
-2.346187
-2.082855
-1.863024
-1.715323
-1.625565
-1.580305
-1.625565
-1.715323
-1.863024
-2.082855
-2.346187
-2.680161
-3.047715
-3.428132
-3.120937
-2.739522
-2.371968
-2.037036
-1.763919
-1.523718
-1.355533
-1.253217
-1.200934
-1.253217
-1.355533
-1.523718
-1.763919
-2.037036
-2.371968
-2.739522
-3.120937
-2.739522
-2.300287
-1.924102
-1.556547
-1.252951
-0.981297
-0.813951
-0.704621
-0.656696
-0.704621
-0.813951
-0.981297
-1.252951
-1.556547
-1.924102
-2.300287
-2.739522
-2.371968
-1.924102
-1.481795
-1.108681
-0.763800
-0.522358
-0.327433
-0.198796
-0.149408
-0.198796
-0.327433
-0.522358
-0.763800
-1.108681
-1.481795
-1.924102
-2.371968
-2.037036
-1.556547
-1.108681
-0.692748
-0.368305
-0.074102
0.158953
0.306496
0.356848
0.306496
0.158953
-0.074102
-0.368305
-0.692748
-1.108681
-1.556547
-2.037036
-1.763919
-1.252951
-0.763800
-0.368305
0.024595
0.347039
0.568218
0.715366
0.772695
0.715366
0.568218
0.347039
0.024595
-0.368305
-0.763800
-1.252951
-1.763919
-1.523718
-0.981297
-0.522358
-0.074102
0.347039
0.671874
0.936438
1.098303
1.152814
1.098303
0.936438
0.671874
0.347039
-0.074102
-0.522358
-0.981297
-1.523718
-1.355533
-0.813951
-0.327433
0.158953
0.568218
0.936438
1.205835
1.385800
1.454369
1.385800
1.205835
0.936438
0.568218
0.158953
-0.327433
-0.813951
-1.355533
-1.253217
-0.704621
-0.198796
0.306496
0.715366
1.098303
1.385800
1.565915
1.644790
1.565915
1.385800
1.098303
0.715366
0.306496
-0.198796
-0.704621
-1.253217
-1.200934
-0.656696
-0.149408
0.356848
0.772695
1.152814
1.454369
1.644790
1.710392
1.644790
1.454369
1.152814
0.772695
0.356848
-0.149408
-0.656696
-1.200934
-1.253217
-0.704621
-0.198796
0.306496
0.715366
1.098303
1.385800
1.565915
1.644790
1.565915
1.385800
1.098303
0.715366
0.306496
-0.198796
-0.704621
-1.253217
-1.355533
-0.813951
-0.327433
0.158953
0.568218
0.936438
1.205835
1.385800
1.454369
1.385800
1.205835
0.936438
0.568218
0.158953
-0.327433
-0.813951
-1.355533
-1.523718
-0.981297
-0.522358
-0.074102
0.347039
0.671874
0.936438
1.098303
1.152814
1.098303
0.936438
0.671874
0.347039
-0.074102
-0.522358
-0.981297
-1.523718
-1.763919
-1.252951
-0.763800
-0.368305
0.024595
0.347039
0.568218
0.715366
0.772695
0.715366
0.568218
0.347039
0.024595
-0.368305
-0.763800
-1.252951
-1.763919
-2.037036
-1.556547
-1.108681
-0.692748
-0.368305
-0.074102
0.158953
0.306496
0.356848
0.306496
0.158953
-0.074102
-0.368305
-0.692748
-1.108681
-1.556547
-2.037036
-2.371968
-1.924102
-1.481795
-1.108681
-0.763800
-0.522358
-0.327433
-0.198796
-0.149408
-0.198796
-0.327433
-0.522358
-0.763800
-1.108681
-1.481795
-1.924102
-2.371968
-2.739522
-2.300287
-1.924102
-1.556547
-1.252951
-0.981297
-0.813951
-0.704621
-0.656696
-0.704621
-0.813951
-0.981297
-1.252951
-1.556547
-1.924102
-2.300287
-2.739522
-3.120937
-2.739522
-2.371968
-2.037036
-1.763919
-1.523718
-1.355533
-1.253217
-1.200934
-1.253217
-1.355533
-1.523718
-1.763919
-2.037036
-2.371968
-2.739522
-3.120937
-2.890993
-2.479679
-2.084304
-1.732574
-1.455725
-1.215525
-1.047340
-0.945024
-0.891579
-0.945024
-1.047340
-1.215525
-1.455725
-1.732574
-2.084304
-2.479679
-2.890993
-2.479679
-2.007493
-1.616797
-1.248354
-0.944758
-0.671640
-0.492909
-0.368434
-0.312819
-0.368434
-0.492909
-0.671640
-0.944758
-1.248354
-1.616797
-2.007493
-2.479679
-2.084304
-1.616797
-1.172441
-0.800488
-0.435022
-0.160673
0.061523
0.208156
0.264945
0.208156
0.061523
-0.160673
-0.435022
-0.800488
-1.172441
-1.616797
-2.084304
-1.732574
-1.248354
-0.800488
-0.353950
0.014932
0.341017
0.574073
0.721616
0.771967
0.721616
0.574073
0.341017
0.014932
-0.353950
-0.800488
-1.248354
-1.732574
-1.455725
-0.944758
-0.435022
0.014932
0.439714
0.762158
1.028870
1.208002
1.277792
1.208002
1.028870
0.762158
0.439714
0.014932
-0.435022
-0.944758
-1.455725
-1.215525
-0.671640
-0.160673
0.341017
0.762158
1.155058
1.442739
1.621210
1.694506
1.621210
1.442739
1.155058
0.762158
0.341017
-0.160673
-0.671640
-1.215525
-1.047340
-0.492909
0.061523
0.574073
1.028870
1.442739
1.765795
1.963938
2.039973
1.963938
1.765795
1.442739
1.028870
0.574073
0.061523
-0.492909
-1.047340
-0.945024
-0.368434
0.208156
0.721616
1.208002
1.621210
1.963938
2.193650
2.272525
2.193650
1.963938
1.621210
1.208002
0.721616
0.208156
-0.368434
-0.945024
-0.891579
-0.312819
0.264945
0.771967
1.277792
1.694506
2.039973
2.272525
2.363451
2.272525
2.039973
1.694506
1.277792
0.771967
0.264945
-0.312819
-0.891579
-0.945024
-0.368434
0.208156
0.721616
1.208002
1.621210
1.963938
2.193650
2.272525
2.193650
1.963938
1.621210
1.208002
0.721616
0.208156
-0.368434
-0.945024
-1.047340
-0.492909
0.061523
0.574073
1.028870
1.442739
1.765795
1.963938
2.039973
1.963938
1.765795
1.442739
1.028870
0.574073
0.061523
-0.492909
-1.047340
-1.215525
-0.671640
-0.160673
0.341017
0.762158
1.155058
1.442739
1.621210
1.694506
1.621210
1.442739
1.155058
0.762158
0.341017
-0.160673
-0.671640
-1.215525
-1.455725
-0.944758
-0.435022
0.014932
0.439714
0.762158
1.028870
1.208002
1.277792
1.208002
1.028870
0.762158
0.439714
0.014932
-0.435022
-0.944758
-1.455725
-1.732574
-1.248354
-0.800488
-0.353950
0.014932
0.341017
0.574073
0.721616
0.771967
0.721616
0.574073
0.341017
0.014932
-0.353950
-0.800488
-1.248354
-1.732574
-2.084304
-1.616797
-1.172441
-0.800488
-0.435022
-0.160673
0.061523
0.208156
0.264945
0.208156
0.061523
-0.160673
-0.435022
-0.800488
-1.172441
-1.616797
-2.084304
-2.479679
-2.007493
-1.616797
-1.248354
-0.944758
-0.671640
-0.492909
-0.368434
-0.312819
-0.368434
-0.492909
-0.671640
-0.944758
-1.248354
-1.616797
-2.007493
-2.479679
-2.890993
-2.479679
-2.084304
-1.732574
-1.455725
-1.215525
-1.047340
-0.945024
-0.891579
-0.945024
-1.047340
-1.215525
-1.455725
-1.732574
-2.084304
-2.479679
-2.890993
-2.700494
-2.290021
-1.891466
-1.528285
-1.232132
-0.971674
-0.789304
-0.678357
-0.619511
-0.678357
-0.789304
-0.971674
-1.232132
-1.528285
-1.891466
-2.290021
-2.700494
-2.290021
-1.812379
-1.405825
-1.007271
-0.678068
-0.381915
-0.188111
-0.060241
-0.006562
-0.060241
-0.188111
-0.381915
-0.678068
-1.007271
-1.405825
-1.812379
-2.290021
-1.891466
-1.405825
-0.924264
-0.521630
-0.125815
0.147520
0.369716
0.516349
0.573138
0.516349
0.369716
0.147520
-0.125815
-0.521630
-0.924264
-1.405825
-1.891466
-1.528285
-1.007271
-0.521630
-0.044596
0.323126
0.658488
0.924147
1.092332
1.149728
1.092332
0.924147
0.658488
0.323126
-0.044596
-0.521630
-1.007271
-1.528285
-1.232132
-0.678068
-0.125815
0.323126
0.770992
1.138546
1.442572
1.623121
1.692911
1.623121
1.442572
1.138546
0.770992
0.323126
-0.125815
-0.678068
-1.232132
-0.971674
-0.381915
0.147520
0.658488
1.138546
1.570177
1.892245
2.109507
2.198736
2.109507
1.892245
1.570177
1.138546
0.658488
0.147520
-0.381915
-0.971674
-0.789304
-0.188111
0.369716
0.924147
1.442572
1.892245
2.272095
2.514078
2.616318
2.514078
2.272095
1.892245
1.442572
0.924147
0.369716
-0.188111
-0.789304
-0.678357
-0.060241
0.516349
1.092332
1.623121
2.109507
2.514078
2.799133
2.900260
2.799133
2.514078
2.109507
1.623121
1.092332
0.516349
-0.060241
-0.678357
-0.619511
-0.006562
0.573138
1.149728
1.692911
2.198736
2.616318
2.900260
3.016511
2.900260
2.616318
2.198736
1.692911
1.149728
0.573138
-0.006562
-0.619511
-0.678357
-0.060241
0.516349
1.092332
1.623121
2.109507
2.514078
2.799133
2.900260
2.799133
2.514078
2.109507
1.623121
1.092332
0.516349
-0.060241
-0.678357
-0.789304
-0.188111
0.369716
0.924147
1.442572
1.892245
2.272095
2.514078
2.616318
2.514078
2.272095
1.892245
1.442572
0.924147
0.369716
-0.188111
-0.789304
-0.971674
-0.381915
0.147520
0.658488
1.138546
1.570177
1.892245
2.109507
2.198736
2.109507
1.892245
1.570177
1.138546
0.658488
0.147520
-0.381915
-0.971674
-1.232132
-0.678068
-0.125815
0.323126
0.770992
1.138546
1.442572
1.623121
1.692911
1.623121
1.442572
1.138546
0.770992
0.323126
-0.125815
-0.678068
-1.232132
-1.528285
-1.007271
-0.521630
-0.044596
0.323126
0.658488
0.924147
1.092332
1.149728
1.092332
0.924147
0.658488
0.323126
-0.044596
-0.521630
-1.007271
-1.528285
-1.891466
-1.405825
-0.924264
-0.521630
-0.125815
0.147520
0.369716
0.516349
0.573138
0.516349
0.369716
0.147520
-0.125815
-0.521630
-0.924264
-1.405825
-1.891466
-2.290021
-1.812379
-1.405825
-1.007271
-0.678068
-0.381915
-0.188111
-0.060241
-0.006562
-0.060241
-0.188111
-0.381915
-0.678068
-1.007271
-1.405825
-1.812379
-2.290021
-2.700494
-2.290021
-1.891466
-1.528285
-1.232132
-0.971674
-0.789304
-0.678357
-0.619511
-0.678357
-0.789304
-0.971674
-1.232132
-1.528285
-1.891466
-2.290021
-2.700494
-2.543129
-2.119211
-1.709472
-1.339638
-1.042473
-0.782015
-0.599645
-0.488698
-0.429012
-0.488698
-0.599645
-0.782015
-1.042473
-1.339638
-1.709472
-2.119211
-2.543129
-2.119211
-1.627892
-1.216262
-0.817612
-0.488409
-0.192256
0.006562
0.136523
0.198103
0.136523
0.006562
-0.192256
-0.488409
-0.817612
-1.216262
-1.627892
-2.119211
-1.709472
-1.216262
-0.733765
-0.331971
0.065655
0.361808
0.602745
0.761745
0.823324
0.761745
0.602745
0.361808
0.065655
-0.331971
-0.733765
-1.216262
-1.709472
-1.339638
-0.817612
-0.331971
0.153669
0.552224
0.915872
1.203940
1.386310
1.448545
1.386310
1.203940
0.915872
0.552224
0.153669
-0.331971
-0.817612
-1.339638
-1.042473
-0.488409
0.065655
0.552224
1.037864
1.436419
1.750766
1.954957
2.034511
1.954957
1.750766
1.436419
1.037864
0.552224
0.065655
-0.488409
-1.042473
-0.782015
-0.192256
0.361808
0.915872
1.436419
1.894606
2.261733
2.509388
2.611101
2.509388
2.261733
1.894606
1.436419
0.915872
0.361808
-0.192256
-0.782015
-0.599645
0.006562
0.602745
1.203940
1.750766
2.261733
2.700640
2.995218
3.119680
2.995218
2.700640
2.261733
1.750766
1.203940
0.602745
0.006562
-0.599645
-0.488698
0.136523
0.761745
1.386310
1.954957
2.509388
2.995218
3.366016
3.505269
3.366016
2.995218
2.509388
1.954957
1.386310
0.761745
0.136523
-0.488698
-0.429012
0.198103
0.823324
1.448545
2.034511
2.611101
3.119680
3.505269
3.669570
3.505269
3.119680
2.611101
2.034511
1.448545
0.823324
0.198103
-0.429012
-0.488698
0.136523
0.761745
1.386310
1.954957
2.509388
2.995218
3.366016
3.505269
3.366016
2.995218
2.509388
1.954957
1.386310
0.761745
0.136523
-0.488698
-0.599645
0.006562
0.602745
1.203940
1.750766
2.261733
2.700640
2.995218
3.119680
2.995218
2.700640
2.261733
1.750766
1.203940
0.602745
0.006562
-0.599645
-0.782015
-0.192256
0.361808
0.915872
1.436419
1.894606
2.261733
2.509388
2.611101
2.509388
2.261733
1.894606
1.436419
0.915872
0.361808
-0.192256
-0.782015
-1.042473
-0.488409
0.065655
0.552224
1.037864
1.436419
1.750766
1.954957
2.034511
1.954957
1.750766
1.436419
1.037864
0.552224
0.065655
-0.488409
-1.042473
-1.339638
-0.817612
-0.331971
0.153669
0.552224
0.915872
1.203940
1.386310
1.448545
1.386310
1.203940
0.915872
0.552224
0.153669
-0.331971
-0.817612
-1.339638
-1.709472
-1.216262
-0.733765
-0.331971
0.065655
0.361808
0.602745
0.761745
0.823324
0.761745
0.602745
0.361808
0.065655
-0.331971
-0.733765
-1.216262
-1.709472
-2.119211
-1.627892
-1.216262
-0.817612
-0.488409
-0.192256
0.006562
0.136523
0.198103
0.136523
0.006562
-0.192256
-0.488409
-0.817612
-1.216262
-1.627892
-2.119211
-2.543129
-2.119211
-1.709472
-1.339638
-1.042473
-0.782015
-0.599645
-0.488698
-0.429012
-0.488698
-0.599645
-0.782015
-1.042473
-1.339638
-1.709472
-2.119211
-2.543129
-2.477270
-2.051122
-1.636786
-1.259222
-0.951344
-0.680573
-0.490982
-0.375643
-0.313120
-0.375643
-0.490982
-0.680573
-0.951344
-1.259222
-1.636786
-2.051122
-2.477270
-2.051122
-1.553661
-1.131917
-0.717582
-0.375343
-0.067465
0.134014
0.274331
0.338349
0.274331
0.134014
-0.067465
-0.375343
-0.717582
-1.131917
-1.553661
-2.051122
-1.636786
-1.131917
-0.630052
-0.212713
0.200657
0.508535
0.759011
0.924306
0.988323
0.924306
0.759011
0.508535
0.200657
-0.212713
-0.630052
-1.131917
-1.636786
-1.259222
-0.717582
-0.212713
0.292156
0.706492
1.084535
1.384007
1.573598
1.638204
1.573598
1.384007
1.084535
0.706492
0.292156
-0.212713
-0.717582
-1.259222
-0.951344
-0.375343
0.200657
0.706492
1.211361
1.625697
1.955748
2.177164
2.263425
2.177164
1.955748
1.625697
1.211361
0.706492
0.200657
-0.375343
-0.951344
-0.680573
-0.067465
0.508535
1.084535
1.625697
2.111718
2.509812
2.778359
2.888646
2.778359
2.509812
2.111718
1.625697
1.084535
0.508535
-0.067465
-0.680573
-0.490982
0.134014
0.759011
1.384007
1.955748
2.509812
2.995914
3.354011
3.495884
3.354011
2.995914
2.509812
1.955748
1.384007
0.759011
0.134014
-0.490982
-0.375643
0.274331
0.924306
1.573598
2.177164
2.778359
3.354011
3.831103
4.040624
3.831103
3.354011
2.778359
2.177164
1.573598
0.924306
0.274331
-0.375643
-0.313120
0.338349
0.988323
1.638204
2.263425
2.888646
3.495884
4.040624
4.322629
4.040624
3.495884
2.888646
2.263425
1.638204
0.988323
0.338349
-0.313120
-0.375643
0.274331
0.924306
1.573598
2.177164
2.778359
3.354011
3.831103
4.040624
3.831103
3.354011
2.778359
2.177164
1.573598
0.924306
0.274331
-0.375643
-0.490982
0.134014
0.759011
1.384007
1.955748
2.509812
2.995914
3.354011
3.495884
3.354011
2.995914
2.509812
1.955748
1.384007
0.759011
0.134014
-0.490982
-0.680573
-0.067465
0.508535
1.084535
1.625697
2.111718
2.509812
2.778359
2.888646
2.778359
2.509812
2.111718
1.625697
1.084535
0.508535
-0.067465
-0.680573
-0.951344
-0.375343
0.200657
0.706492
1.211361
1.625697
1.955748
2.177164
2.263425
2.177164
1.955748
1.625697
1.211361
0.706492
0.200657
-0.375343
-0.951344
-1.259222
-0.717582
-0.212713
0.292156
0.706492
1.084535
1.384007
1.573598
1.638204
1.573598
1.384007
1.084535
0.706492
0.292156
-0.212713
-0.717582
-1.259222
-1.636786
-1.131917
-0.630052
-0.212713
0.200657
0.508535
0.759011
0.924306
0.988323
0.924306
0.759011
0.508535
0.200657
-0.212713
-0.630052
-1.131917
-1.636786
-2.051122
-1.553661
-1.131917
-0.717582
-0.375343
-0.067465
0.134014
0.274331
0.338349
0.274331
0.134014
-0.067465
-0.375343
-0.717582
-1.131917
-1.553661
-2.051122
-2.477270
-2.051122
-1.636786
-1.259222
-0.951344
-0.680573
-0.490982
-0.375643
-0.313120
-0.375643
-0.490982
-0.680573
-0.951344
-1.259222
-1.636786
-2.051122
-2.477270
-2.424621
-1.996625
-1.580305
-1.200934
-0.891579
-0.619511
-0.429012
-0.313120
-0.250000
-0.313120
-0.429012
-0.619511
-0.891579
-1.200934
-1.580305
-1.996625
-2.424621
-1.996625
-1.496544
-1.073017
-0.656696
-0.312819
-0.006562
0.198031
0.338349
0.402366
0.338349
0.198031
-0.006562
-0.312819
-0.656696
-1.073017
-1.496544
-1.996625
-1.580305
-1.073017
-0.568466
-0.149408
0.264674
0.572552
0.823028
0.988323
1.052340
0.988323
0.823028
0.572552
0.264674
-0.149408
-0.568466
-1.073017
-1.580305
-1.200934
-0.656696
-0.149408
0.356174
0.770509
1.148553
1.448024
1.637615
1.702315
1.637615
1.448024
1.148553
0.770509
0.356174
-0.149408
-0.656696
-1.200934
-0.891579
-0.312819
0.264674
0.770509
1.275378
1.689714
2.032431
2.262611
2.352290
2.262611
2.032431
1.689714
1.275378
0.770509
0.264674
-0.312819
-0.891579
-0.619511
-0.006562
0.572552
1.148553
1.689714
2.194583
2.608432
2.887608
3.002265
2.887608
2.608432
2.194583
1.689714
1.148553
0.572552
-0.006562
-0.619511
-0.429012
0.198031
0.823028
1.448024
2.032431
2.608432
3.113787
3.492310
3.652239
3.492310
3.113787
2.608432
2.032431
1.448024
0.823028
0.198031
-0.429012
-0.313120
0.338349
0.988323
1.637615
2.262611
2.887608
3.492310
4.032992
4.302214
4.032992
3.492310
2.887608
2.262611
1.637615
0.988323
0.338349
-0.313120
-0.250000
0.402366
1.052340
1.702315
2.352290
3.002265
3.652239
4.302214
4.952188
4.302214
3.652239
3.002265
2.352290
1.702315
1.052340
0.402366
-0.250000
-0.313120
0.338349
0.988323
1.637615
2.262611
2.887608
3.492310
4.032992
4.302214
4.032992
3.492310
2.887608
2.262611
1.637615
0.988323
0.338349
-0.313120
-0.429012
0.198031
0.823028
1.448024
2.032431
2.608432
3.113787
3.492310
3.652239
3.492310
3.113787
2.608432
2.032431
1.448024
0.823028
0.198031
-0.429012
-0.619511
-0.006562
0.572552
1.148553
1.689714
2.194583
2.608432
2.887608
3.002265
2.887608
2.608432
2.194583
1.689714
1.148553
0.572552
-0.006562
-0.619511
-0.891579
-0.312819
0.264674
0.770509
1.275378
1.689714
2.032431
2.262611
2.352290
2.262611
2.032431
1.689714
1.275378
0.770509
0.264674
-0.312819
-0.891579
-1.200934
-0.656696
-0.149408
0.356174
0.770509
1.148553
1.448024
1.637615
1.702315
1.637615
1.448024
1.148553
0.770509
0.356174
-0.149408
-0.656696
-1.200934
-1.580305
-1.073017
-0.568466
-0.149408
0.264674
0.572552
0.823028
0.988323
1.052340
0.988323
0.823028
0.572552
0.264674
-0.149408
-0.568466
-1.073017
-1.580305
-1.996625
-1.496544
-1.073017
-0.656696
-0.312819
-0.006562
0.198031
0.338349
0.402366
0.338349
0.198031
-0.006562
-0.312819
-0.656696
-1.073017
-1.496544
-1.996625
-2.424621
-1.996625
-1.580305
-1.200934
-0.891579
-0.619511
-0.429012
-0.313120
-0.250000
-0.313120
-0.429012
-0.619511
-0.891579
-1.200934
-1.580305
-1.996625
-2.424621
-2.477270
-2.051122
-1.636786
-1.259222
-0.951344
-0.680573
-0.490982
-0.375643
-0.313120
-0.375643
-0.490982
-0.680573
-0.951344
-1.259222
-1.636786
-2.051122
-2.477270
-2.051122
-1.553661
-1.131917
-0.717582
-0.375343
-0.067465
0.134014
0.274331
0.338349
0.274331
0.134014
-0.067465
-0.375343
-0.717582
-1.131917
-1.553661
-2.051122
-1.636786
-1.131917
-0.630052
-0.212713
0.200657
0.508535
0.759011
0.924306
0.988323
0.924306
0.759011
0.508535
0.200657
-0.212713
-0.630052
-1.131917
-1.636786
-1.259222
-0.717582
-0.212713
0.292156
0.706492
1.084535
1.384007
1.573598
1.638204
1.573598
1.384007
1.084535
0.706492
0.292156
-0.212713
-0.717582
-1.259222
-0.951344
-0.375343
0.200657
0.706492
1.211361
1.625697
1.955748
2.177164
2.263425
2.177164
1.955748
1.625697
1.211361
0.706492
0.200657
-0.375343
-0.951344
-0.680573
-0.067465
0.508535
1.084535
1.625697
2.111718
2.509812
2.778359
2.888646
2.778359
2.509812
2.111718
1.625697
1.084535
0.508535
-0.067465
-0.680573
-0.490982
0.134014
0.759011
1.384007
1.955748
2.509812
2.995914
3.354011
3.495884
3.354011
2.995914
2.509812
1.955748
1.384007
0.759011
0.134014
-0.490982
-0.375643
0.274331
0.924306
1.573598
2.177164
2.778359
3.354011
3.831103
4.040624
3.831103
3.354011
2.778359
2.177164
1.573598
0.924306
0.274331
-0.375643
-0.313120
0.338349
0.988323
1.638204
2.263425
2.888646
3.495884
4.040624
4.322629
4.040624
3.495884
2.888646
2.263425
1.638204
0.988323
0.338349
-0.313120
-0.375643
0.274331
0.924306
1.573598
2.177164
2.778359
3.354011
3.831103
4.040624
3.831103
3.354011
2.778359
2.177164
1.573598
0.924306
0.274331
-0.375643
-0.490982
0.134014
0.759011
1.384007
1.955748
2.509812
2.995914
3.354011
3.495884
3.354011
2.995914
2.509812
1.955748
1.384007
0.759011
0.134014
-0.490982
-0.680573
-0.067465
0.508535
1.084535
1.625697
2.111718
2.509812
2.778359
2.888646
2.778359
2.509812
2.111718
1.625697
1.084535
0.508535
-0.067465
-0.680573
-0.951344
-0.375343
0.200657
0.706492
1.211361
1.625697
1.955748
2.177164
2.263425
2.177164
1.955748
1.625697
1.211361
0.706492
0.200657
-0.375343
-0.951344
-1.259222
-0.717582
-0.212713
0.292156
0.706492
1.084535
1.384007
1.573598
1.638204
1.573598
1.384007
1.084535
0.706492
0.292156
-0.212713
-0.717582
-1.259222
-1.636786
-1.131917
-0.630052
-0.212713
0.200657
0.508535
0.759011
0.924306
0.988323
0.924306
0.759011
0.508535
0.200657
-0.212713
-0.630052
-1.131917
-1.636786
-2.051122
-1.553661
-1.131917
-0.717582
-0.375343
-0.067465
0.134014
0.274331
0.338349
0.274331
0.134014
-0.067465
-0.375343
-0.717582
-1.131917
-1.553661
-2.051122
-2.477270
-2.051122
-1.636786
-1.259222
-0.951344
-0.680573
-0.490982
-0.375643
-0.313120
-0.375643
-0.490982
-0.680573
-0.951344
-1.259222
-1.636786
-2.051122
-2.477270
-2.543129
-2.119211
-1.709472
-1.339638
-1.042473
-0.782015
-0.599645
-0.488698
-0.429012
-0.488698
-0.599645
-0.782015
-1.042473
-1.339638
-1.709472
-2.119211
-2.543129
-2.119211
-1.627892
-1.216262
-0.817612
-0.488409
-0.192256
0.006562
0.136523
0.198103
0.136523
0.006562
-0.192256
-0.488409
-0.817612
-1.216262
-1.627892
-2.119211
-1.709472
-1.216262
-0.733765
-0.331971
0.065655
0.361808
0.602745
0.761745
0.823324
0.761745
0.602745
0.361808
0.065655
-0.331971
-0.733765
-1.216262
-1.709472
-1.339638
-0.817612
-0.331971
0.153669
0.552224
0.915872
1.203940
1.386310
1.448545
1.386310
1.203940
0.915872
0.552224
0.153669
-0.331971
-0.817612
-1.339638
-1.042473
-0.488409
0.065655
0.552224
1.037864
1.436419
1.750766
1.954957
2.034511
1.954957
1.750766
1.436419
1.037864
0.552224
0.065655
-0.488409
-1.042473
-0.782015
-0.192256
0.361808
0.915872
1.436419
1.894606
2.261733
2.509388
2.611101
2.509388
2.261733
1.894606
1.436419
0.915872
0.361808
-0.192256
-0.782015
-0.599645
0.006562
0.602745
1.203940
1.750766
2.261733
2.700640
2.995218
3.119680
2.995218
2.700640
2.261733
1.750766
1.203940
0.602745
0.006562
-0.599645
-0.488698
0.136523
0.761745
1.386310
1.954957
2.509388
2.995218
3.366016
3.505269
3.366016
2.995218
2.509388
1.954957
1.386310
0.761745
0.136523
-0.488698
-0.429012
0.198103
0.823324
1.448545
2.034511
2.611101
3.119680
3.505269
3.669570
3.505269
3.119680
2.611101
2.034511
1.448545
0.823324
0.198103
-0.429012
-0.488698
0.136523
0.761745
1.386310
1.954957
2.509388
2.995218
3.366016
3.505269
3.366016
2.995218
2.509388
1.954957
1.386310
0.761745
0.136523
-0.488698
-0.599645
0.006562
0.602745
1.203940
1.750766
2.261733
2.700640
2.995218
3.119680
2.995218
2.700640
2.261733
1.750766
1.203940
0.602745
0.006562
-0.599645
-0.782015
-0.192256
0.361808
0.915872
1.436419
1.894606
2.261733
2.509388
2.611101
2.509388
2.261733
1.894606
1.436419
0.915872
0.361808
-0.192256
-0.782015
-1.042473
-0.488409
0.065655
0.552224
1.037864
1.436419
1.750766
1.954957
2.034511
1.954957
1.750766
1.436419
1.037864
0.552224
0.065655
-0.488409
-1.042473
-1.339638
-0.817612
-0.331971
0.153669
0.552224
0.915872
1.203940
1.386310
1.448545
1.386310
1.203940
0.915872
0.552224
0.153669
-0.331971
-0.817612
-1.339638
-1.709472
-1.216262
-0.733765
-0.331971
0.065655
0.361808
0.602745
0.761745
0.823324
0.761745
0.602745
0.361808
0.065655
-0.331971
-0.733765
-1.216262
-1.709472
-2.119211
-1.627892
-1.216262
-0.817612
-0.488409
-0.192256
0.006562
0.136523
0.198103
0.136523
0.006562
-0.192256
-0.488409
-0.817612
-1.216262
-1.627892
-2.119211
-2.543129
-2.119211
-1.709472
-1.339638
-1.042473
-0.782015
-0.599645
-0.488698
-0.429012
-0.488698
-0.599645
-0.782015
-1.042473
-1.339638
-1.709472
-2.119211
-2.543129
-2.700494
-2.290021
-1.891466
-1.528285
-1.232132
-0.971674
-0.789304
-0.678357
-0.619511
-0.678357
-0.789304
-0.971674
-1.232132
-1.528285
-1.891466
-2.290021
-2.700494
-2.290021
-1.812379
-1.405825
-1.007271
-0.678068
-0.381915
-0.188111
-0.060241
-0.006562
-0.060241
-0.188111
-0.381915
-0.678068
-1.007271
-1.405825
-1.812379
-2.290021
-1.891466
-1.405825
-0.924264
-0.521630
-0.125815
0.147520
0.369716
0.516349
0.573138
0.516349
0.369716
0.147520
-0.125815
-0.521630
-0.924264
-1.405825
-1.891466
-1.528285
-1.007271
-0.521630
-0.044596
0.323126
0.658488
0.924147
1.092332
1.149728
1.092332
0.924147
0.658488
0.323126
-0.044596
-0.521630
-1.007271
-1.528285
-1.232132
-0.678068
-0.125815
0.323126
0.770992
1.138546
1.442572
1.623121
1.692911
1.623121
1.442572
1.138546
0.770992
0.323126
-0.125815
-0.678068
-1.232132
-0.971674
-0.381915
0.147520
0.658488
1.138546
1.570177
1.892245
2.109507
2.198736
2.109507
1.892245
1.570177
1.138546
0.658488
0.147520
-0.381915
-0.971674
-0.789304
-0.188111
0.369716
0.924147
1.442572
1.892245
2.272095
2.514078
2.616318
2.514078
2.272095
1.892245
1.442572
0.924147
0.369716
-0.188111
-0.789304
-0.678357
-0.060241
0.516349
1.092332
1.623121
2.109507
2.514078
2.799133
2.900260
2.799133
2.514078
2.109507
1.623121
1.092332
0.516349
-0.060241
-0.678357
-0.619511
-0.006562
0.573138
1.149728
1.692911
2.198736
2.616318
2.900260
3.016511
2.900260
2.616318
2.198736
1.692911
1.149728
0.573138
-0.006562
-0.619511
-0.678357
-0.060241
0.516349
1.092332
1.623121
2.109507
2.514078
2.799133
2.900260
2.799133
2.514078
2.109507
1.623121
1.092332
0.516349
-0.060241
-0.678357
-0.789304
-0.188111
0.369716
0.924147
1.442572
1.892245
2.272095
2.514078
2.616318
2.514078
2.272095
1.892245
1.442572
0.924147
0.369716
-0.188111
-0.789304
-0.971674
-0.381915
0.147520
0.658488
1.138546
1.570177
1.892245
2.109507
2.198736
2.109507
1.892245
1.570177
1.138546
0.658488
0.147520
-0.381915
-0.971674
-1.232132
-0.678068
-0.125815
0.323126
0.770992
1.138546
1.442572
1.623121
1.692911
1.623121
1.442572
1.138546
0.770992
0.323126
-0.125815
-0.678068
-1.232132
-1.528285
-1.007271
-0.521630
-0.044596
0.323126
0.658488
0.924147
1.092332
1.149728
1.092332
0.924147
0.658488
0.323126
-0.044596
-0.521630
-1.007271
-1.528285
-1.891466
-1.405825
-0.924264
-0.521630
-0.125815
0.147520
0.369716
0.516349
0.573138
0.516349
0.369716
0.147520
-0.125815
-0.521630
-0.924264
-1.405825
-1.891466
-2.290021
-1.812379
-1.405825
-1.007271
-0.678068
-0.381915
-0.188111
-0.060241
-0.006562
-0.060241
-0.188111
-0.381915
-0.678068
-1.007271
-1.405825
-1.812379
-2.290021
-2.700494
-2.290021
-1.891466
-1.528285
-1.232132
-0.971674
-0.789304
-0.678357
-0.619511
-0.678357
-0.789304
-0.971674
-1.232132
-1.528285
-1.891466
-2.290021
-2.700494
-2.890993
-2.479679
-2.084304
-1.732574
-1.455725
-1.215525
-1.047340
-0.945024
-0.891579
-0.945024
-1.047340
-1.215525
-1.455725
-1.732574
-2.084304
-2.479679
-2.890993
-2.479679
-2.007493
-1.616797
-1.248354
-0.944758
-0.671640
-0.492909
-0.368434
-0.312819
-0.368434
-0.492909
-0.671640
-0.944758
-1.248354
-1.616797
-2.007493
-2.479679
-2.084304
-1.616797
-1.172441
-0.800488
-0.435022
-0.160673
0.061523
0.208156
0.264945
0.208156
0.061523
-0.160673
-0.435022
-0.800488
-1.172441
-1.616797
-2.084304
-1.732574
-1.248354
-0.800488
-0.353950
0.014932
0.341017
0.574073
0.721616
0.771967
0.721616
0.574073
0.341017
0.014932
-0.353950
-0.800488
-1.248354
-1.732574
-1.455725
-0.944758
-0.435022
0.014932
0.439714
0.762158
1.028870
1.208002
1.277792
1.208002
1.028870
0.762158
0.439714
0.014932
-0.435022
-0.944758
-1.455725
-1.215525
-0.671640
-0.160673
0.341017
0.762158
1.155058
1.442739
1.621210
1.694506
1.621210
1.442739
1.155058
0.762158
0.341017
-0.160673
-0.671640
-1.215525
-1.047340
-0.492909
0.061523
0.574073
1.028870
1.442739
1.765795
1.963938
2.039973
1.963938
1.765795
1.442739
1.028870
0.574073
0.061523
-0.492909
-1.047340
-0.945024
-0.368434
0.208156
0.721616
1.208002
1.621210
1.963938
2.193650
2.272525
2.193650
1.963938
1.621210
1.208002
0.721616
0.208156
-0.368434
-0.945024
-0.891579
-0.312819
0.264945
0.771967
1.277792
1.694506
2.039973
2.272525
2.363451
2.272525
2.039973
1.694506
1.277792
0.771967
0.264945
-0.312819
-0.891579
-0.945024
-0.368434
0.208156
0.721616
1.208002
1.621210
1.963938
2.193650
2.272525
2.193650
1.963938
1.621210
1.208002
0.721616
0.208156
-0.368434
-0.945024
-1.047340
-0.492909
0.061523
0.574073
1.028870
1.442739
1.765795
1.963938
2.039973
1.963938
1.765795
1.442739
1.028870
0.574073
0.061523
-0.492909
-1.047340
-1.215525
-0.671640
-0.160673
0.341017
0.762158
1.155058
1.442739
1.621210
1.694506
1.621210
1.442739
1.155058
0.762158
0.341017
-0.160673
-0.671640
-1.215525
-1.455725
-0.944758
-0.435022
0.014932
0.439714
0.762158
1.028870
1.208002
1.277792
1.208002
1.028870
0.762158
0.439714
0.014932
-0.435022
-0.944758
-1.455725
-1.732574
-1.248354
-0.800488
-0.353950
0.014932
0.341017
0.574073
0.721616
0.771967
0.721616
0.574073
0.341017
0.014932
-0.353950
-0.800488
-1.248354
-1.732574
-2.084304
-1.616797
-1.172441
-0.800488
-0.435022
-0.160673
0.061523
0.208156
0.264945
0.208156
0.061523
-0.160673
-0.435022
-0.800488
-1.172441
-1.616797
-2.084304
-2.479679
-2.007493
-1.616797
-1.248354
-0.944758
-0.671640
-0.492909
-0.368434
-0.312819
-0.368434
-0.492909
-0.671640
-0.944758
-1.248354
-1.616797
-2.007493
-2.479679
-2.890993
-2.479679
-2.084304
-1.732574
-1.455725
-1.215525
-1.047340
-0.945024
-0.891579
-0.945024
-1.047340
-1.215525
-1.455725
-1.732574
-2.084304
-2.479679
-2.890993
-3.120937
-2.739522
-2.371968
-2.037036
-1.763919
-1.523718
-1.355533
-1.253217
-1.200934
-1.253217
-1.355533
-1.523718
-1.763919
-2.037036
-2.371968
-2.739522
-3.120937
-2.739522
-2.300287
-1.924102
-1.556547
-1.252951
-0.981297
-0.813951
-0.704621
-0.656696
-0.704621
-0.813951
-0.981297
-1.252951
-1.556547
-1.924102
-2.300287
-2.739522
-2.371968
-1.924102
-1.481795
-1.108681
-0.763800
-0.522358
-0.327433
-0.198796
-0.149408
-0.198796
-0.327433
-0.522358
-0.763800
-1.108681
-1.481795
-1.924102
-2.371968
-2.037036
-1.556547
-1.108681
-0.692748
-0.368305
-0.074102
0.158953
0.306496
0.356848
0.306496
0.158953
-0.074102
-0.368305
-0.692748
-1.108681
-1.556547
-2.037036
-1.763919
-1.252951
-0.763800
-0.368305
0.024595
0.347039
0.568218
0.715366
0.772695
0.715366
0.568218
0.347039
0.024595
-0.368305
-0.763800
-1.252951
-1.763919
-1.523718
-0.981297
-0.522358
-0.074102
0.347039
0.671874
0.936438
1.098303
1.152814
1.098303
0.936438
0.671874
0.347039
-0.074102
-0.522358
-0.981297
-1.523718
-1.355533
-0.813951
-0.327433
0.158953
0.568218
0.936438
1.205835
1.385800
1.454369
1.385800
1.205835
0.936438
0.568218
0.158953
-0.327433
-0.813951
-1.355533
-1.253217
-0.704621
-0.198796
0.306496
0.715366
1.098303
1.385800
1.565915
1.644790
1.565915
1.385800
1.098303
0.715366
0.306496
-0.198796
-0.704621
-1.253217
-1.200934
-0.656696
-0.149408
0.356848
0.772695
1.152814
1.454369
1.644790
1.710392
1.644790
1.454369
1.152814
0.772695
0.356848
-0.149408
-0.656696
-1.200934
-1.253217
-0.704621
-0.198796
0.306496
0.715366
1.098303
1.385800
1.565915
1.644790
1.565915
1.385800
1.098303
0.715366
0.306496
-0.198796
-0.704621
-1.253217
-1.355533
-0.813951
-0.327433
0.158953
0.568218
0.936438
1.205835
1.385800
1.454369
1.385800
1.205835
0.936438
0.568218
0.158953
-0.327433
-0.813951
-1.355533
-1.523718
-0.981297
-0.522358
-0.074102
0.347039
0.671874
0.936438
1.098303
1.152814
1.098303
0.936438
0.671874
0.347039
-0.074102
-0.522358
-0.981297
-1.523718
-1.763919
-1.252951
-0.763800
-0.368305
0.024595
0.347039
0.568218
0.715366
0.772695
0.715366
0.568218
0.347039
0.024595
-0.368305
-0.763800
-1.252951
-1.763919
-2.037036
-1.556547
-1.108681
-0.692748
-0.368305
-0.074102
0.158953
0.306496
0.356848
0.306496
0.158953
-0.074102
-0.368305
-0.692748
-1.108681
-1.556547
-2.037036
-2.371968
-1.924102
-1.481795
-1.108681
-0.763800
-0.522358
-0.327433
-0.198796
-0.149408
-0.198796
-0.327433
-0.522358
-0.763800
-1.108681
-1.481795
-1.924102
-2.371968
-2.739522
-2.300287
-1.924102
-1.556547
-1.252951
-0.981297
-0.813951
-0.704621
-0.656696
-0.704621
-0.813951
-0.981297
-1.252951
-1.556547
-1.924102
-2.300287
-2.739522
-3.120937
-2.739522
-2.371968
-2.037036
-1.763919
-1.523718
-1.355533
-1.253217
-1.200934
-1.253217
-1.355533
-1.523718
-1.763919
-2.037036
-2.371968
-2.739522
-3.120937
-3.428132
-3.047715
-2.680161
-2.346187
-2.082855
-1.863024
-1.715323
-1.625565
-1.580305
-1.625565
-1.715323
-1.863024
-2.082855
-2.346187
-2.680161
-3.047715
-3.428132
-3.047715
-2.609641
-2.235854
-1.892268
-1.625331
-1.386444
-1.228938
-1.119741
-1.073017
-1.119741
-1.228938
-1.386444
-1.625331
-1.892268
-2.235854
-2.609641
-3.047715
-2.680161
-2.235854
-1.826482
-1.498768
-1.180115
-0.937478
-0.742552
-0.614167
-0.568466
-0.614167
-0.742552
-0.937478
-1.180115
-1.498768
-1.826482
-2.235854
-2.680161
-2.346187
-1.892268
-1.498768
-1.109069
-0.783424
-0.503122
-0.311678
-0.190663
-0.149408
-0.190663
-0.311678
-0.503122
-0.783424
-1.109069
-1.498768
-1.892268
-2.346187
-2.082855
-1.625331
-1.180115
-0.783424
-0.422870
-0.157174
0.061917
0.209065
0.265656
0.209065
0.061917
-0.157174
-0.422870
-0.783424
-1.180115
-1.625331
-2.082855
-1.863024
-1.386444
-0.937478
-0.503122
-0.157174
0.165573
0.387435
0.520165
0.574677
0.520165
0.387435
0.165573
-0.157174
-0.503122
-0.937478
-1.386444
-1.863024
-1.715323
-1.228938
-0.742552
-0.311678
0.061917
0.387435
0.627697
0.779780
0.826634
0.779780
0.627697
0.387435
0.061917
-0.311678
-0.742552
-1.228938
-1.715323
-1.625565
-1.119741
-0.614167
-0.190663
0.209065
0.520165
0.779780
0.938180
0.993013
0.938180
0.779780
0.520165
0.209065
-0.190663
-0.614167
-1.119741
-1.625565
-1.580305
-1.073017
-0.568466
-0.149408
0.265656
0.574677
0.826634
0.993013
1.057333
0.993013
0.826634
0.574677
0.265656
-0.149408
-0.568466
-1.073017
-1.580305
-1.625565
-1.119741
-0.614167
-0.190663
0.209065
0.520165
0.779780
0.938180
0.993013
0.938180
0.779780
0.520165
0.209065
-0.190663
-0.614167
-1.119741
-1.625565
-1.715323
-1.228938
-0.742552
-0.311678
0.061917
0.387435
0.627697
0.779780
0.826634
0.779780
0.627697
0.387435
0.061917
-0.311678
-0.742552
-1.228938
-1.715323
-1.863024
-1.386444
-0.937478
-0.503122
-0.157174
0.165573
0.387435
0.520165
0.574677
0.520165
0.387435
0.165573
-0.157174
-0.503122
-0.937478
-1.386444
-1.863024
-2.082855
-1.625331
-1.180115
-0.783424
-0.422870
-0.157174
0.061917
0.209065
0.265656
0.209065
0.061917
-0.157174
-0.422870
-0.783424
-1.180115
-1.625331
-2.082855
-2.346187
-1.892268
-1.498768
-1.109069
-0.783424
-0.503122
-0.311678
-0.190663
-0.149408
-0.190663
-0.311678
-0.503122
-0.783424
-1.109069
-1.498768
-1.892268
-2.346187
-2.680161
-2.235854
-1.826482
-1.498768
-1.180115
-0.937478
-0.742552
-0.614167
-0.568466
-0.614167
-0.742552
-0.937478
-1.180115
-1.498768
-1.826482
-2.235854
-2.680161
-3.047715
-2.609641
-2.235854
-1.892268
-1.625331
-1.386444
-1.228938
-1.119741
-1.073017
-1.119741
-1.228938
-1.386444
-1.625331
-1.892268
-2.235854
-2.609641
-3.047715
-3.428132
-3.047715
-2.680161
-2.346187
-2.082855
-1.863024
-1.715323
-1.625565
-1.580305
-1.625565
-1.715323
-1.863024
-2.082855
-2.346187
-2.680161
-3.047715
-3.428132
-3.737989
-3.366892
-3.024659
-2.728367
-2.488706
-2.277986
-2.130443
-2.040685
-1.996625
-2.040685
-2.130443
-2.277986
-2.488706
-2.728367
-3.024659
-3.366892
-3.737989
-3.366892
-2.961304
-2.629231
-2.306786
-2.040450
-1.802455
-1.644225
-1.538994
-1.496544
-1.538994
-1.644225
-1.802455
-2.040450
-2.306786
-2.629231
-2.961304
-3.366892
-3.024659
-2.629231
-2.242803
-1.913887
-1.597515
-1.377662
-1.217522
-1.111853
-1.073017
-1.111853
-1.217522
-1.377662
-1.597515
-1.913887
-2.242803
-2.629231
-3.024659
-2.728367
-2.306786
-1.913887
-1.529877
-1.251095
-1.009423
-0.818017
-0.697928
-0.656696
-0.697928
-0.818017
-1.009423
-1.251095
-1.529877
-1.913887
-2.306786
-2.728367
-2.488706
-2.040450
-1.597515
-1.251095
-0.930158
-0.663475
-0.464554
-0.355118
-0.312819
-0.355118
-0.464554
-0.663475
-0.930158
-1.251095
-1.597515
-2.040450
-2.488706
-2.277986
-1.802455
-1.377662
-1.009423
-0.663475
-0.387881
-0.190810
-0.057972
-0.006562
-0.057972
-0.190810
-0.387881
-0.663475
-1.009423
-1.377662
-1.802455
-2.277986
-2.130443
-1.644225
-1.217522
-0.818017
-0.464554
-0.190810
0.041149
0.152045
0.198899
0.152045
0.041149
-0.190810
-0.464554
-0.818017
-1.217522
-1.644225
-2.130443
-2.040685
-1.538994
-1.111853
-0.697928
-0.355118
-0.057972
0.152045
0.310445
0.339954
0.310445
0.152045
-0.057972
-0.355118
-0.697928
-1.111853
-1.538994
-2.040685
-1.996625
-1.496544
-1.073017
-0.656696
-0.312819
-0.006562
0.198899
0.339954
0.404274
0.339954
0.198899
-0.006562
-0.312819
-0.656696
-1.073017
-1.496544
-1.996625
-2.040685
-1.538994
-1.111853
-0.697928
-0.355118
-0.057972
0.152045
0.310445
0.339954
0.310445
0.152045
-0.057972
-0.355118
-0.697928
-1.111853
-1.538994
-2.040685
-2.130443
-1.644225
-1.217522
-0.818017
-0.464554
-0.190810
0.041149
0.152045
0.198899
0.152045
0.041149
-0.190810
-0.464554
-0.818017
-1.217522
-1.644225
-2.130443
-2.277986
-1.802455
-1.377662
-1.009423
-0.663475
-0.387881
-0.190810
-0.057972
-0.006562
-0.057972
-0.190810
-0.387881
-0.663475
-1.009423
-1.377662
-1.802455
-2.277986
-2.488706
-2.040450
-1.597515
-1.251095
-0.930158
-0.663475
-0.464554
-0.355118
-0.312819
-0.355118
-0.464554
-0.663475
-0.930158
-1.251095
-1.597515
-2.040450
-2.488706
-2.728367
-2.306786
-1.913887
-1.529877
-1.251095
-1.009423
-0.818017
-0.697928
-0.656696
-0.697928
-0.818017
-1.009423
-1.251095
-1.529877
-1.913887
-2.306786
-2.728367
-3.024659
-2.629231
-2.242803
-1.913887
-1.597515
-1.377662
-1.217522
-1.111853
-1.073017
-1.111853
-1.217522
-1.377662
-1.597515
-1.913887
-2.242803
-2.629231
-3.024659
-3.366892
-2.961304
-2.629231
-2.306786
-2.040450
-1.802455
-1.644225
-1.538994
-1.496544
-1.538994
-1.644225
-1.802455
-2.040450
-2.306786
-2.629231
-2.961304
-3.366892
-3.737989
-3.366892
-3.024659
-2.728367
-2.488706
-2.277986
-2.130443
-2.040685
-1.996625
-2.040685
-2.130443
-2.277986
-2.488706
-2.728367
-3.024659
-3.366892
-3.737989
-4.097145
-3.759694
-3.437250
-3.143824
-2.903825
-2.693175
-2.549117
-2.464586
-2.424621
-2.464586
-2.549117
-2.693175
-2.903825
-3.143824
-3.437250
-3.759694
-4.097145
-3.759694
-3.376537
-3.044350
-2.722077
-2.464370
-2.253973
-2.123366
-2.033665
-1.996625
-2.033665
-2.123366
-2.253973
-2.464370
-2.722077
-3.044350
-3.376537
-3.759694
-3.437250
-3.044350
-2.659362
-2.349739
-2.084516
-1.883944
-1.723823
-1.618154
-1.580305
-1.618154
-1.723823
-1.883944
-2.084516
-2.349739
-2.659362
-3.044350
-3.437250
-3.143824
-2.722077
-2.349739
-2.026212
-1.757396
-1.515724
-1.329335
-1.231570
-1.200934
-1.231570
-1.329335
-1.515724
-1.757396
-2.026212
-2.349739
-2.722077
-3.143824
-2.903825
-2.464370
-2.084516
-1.757396
-1.437446
-1.205634
-1.042692
-0.933255
-0.891579
-0.933255
-1.042692
-1.205634
-1.437446
-1.757396
-2.084516
-2.464370
-2.903825
-2.693175
-2.253973
-1.883944
-1.515724
-1.205634
-0.966641
-0.769558
-0.652848
-0.619511
-0.652848
-0.769558
-0.966641
-1.205634
-1.515724
-1.883944
-2.253973
-2.693175
-2.549117
-2.123366
-1.723823
-1.329335
-1.042692
-0.769558
-0.586827
-0.475690
-0.429012
-0.475690
-0.586827
-0.769558
-1.042692
-1.329335
-1.723823
-2.123366
-2.549117
-2.464586
-2.033665
-1.618154
-1.231570
-0.933255
-0.652848
-0.475690
-0.339764
-0.313120
-0.339764
-0.475690
-0.652848
-0.933255
-1.231570
-1.618154
-2.033665
-2.464586
-2.424621
-1.996625
-1.580305
-1.200934
-0.891579
-0.619511
-0.429012
-0.313120
-0.250000
-0.313120
-0.429012
-0.619511
-0.891579
-1.200934
-1.580305
-1.996625
-2.424621
-2.464586
-2.033665
-1.618154
-1.231570
-0.933255
-0.652848
-0.475690
-0.339764
-0.313120
-0.339764
-0.475690
-0.652848
-0.933255
-1.231570
-1.618154
-2.033665
-2.464586
-2.549117
-2.123366
-1.723823
-1.329335
-1.042692
-0.769558
-0.586827
-0.475690
-0.429012
-0.475690
-0.586827
-0.769558
-1.042692
-1.329335
-1.723823
-2.123366
-2.549117
-2.693175
-2.253973
-1.883944
-1.515724
-1.205634
-0.966641
-0.769558
-0.652848
-0.619511
-0.652848
-0.769558
-0.966641
-1.205634
-1.515724
-1.883944
-2.253973
-2.693175
-2.903825
-2.464370
-2.084516
-1.757396
-1.437446
-1.205634
-1.042692
-0.933255
-0.891579
-0.933255
-1.042692
-1.205634
-1.437446
-1.757396
-2.084516
-2.464370
-2.903825
-3.143824
-2.722077
-2.349739
-2.026212
-1.757396
-1.515724
-1.329335
-1.231570
-1.200934
-1.231570
-1.329335
-1.515724
-1.757396
-2.026212
-2.349739
-2.722077
-3.143824
-3.437250
-3.044350
-2.659362
-2.349739
-2.084516
-1.883944
-1.723823
-1.618154
-1.580305
-1.618154
-1.723823
-1.883944
-2.084516
-2.349739
-2.659362
-3.044350
-3.437250
-3.759694
-3.376537
-3.044350
-2.722077
-2.464370
-2.253973
-2.123366
-2.033665
-1.996625
-2.033665
-2.123366
-2.253973
-2.464370
-2.722077
-3.044350
-3.376537
-3.759694
-4.097145
-3.759694
-3.437250
-3.143824
-2.903825
-2.693175
-2.549117
-2.464586
-2.424621
-2.464586
-2.549117
-2.693175
-2.903825
-3.143824
-3.437250
-3.759694
-4.097145
