  0.000000  -1.464466  -8.535534   7.071068   3.535534  -3.535534
  7.071068   3.535534  -3.535534   7.071068  -3.535534   3.535534
  7.071068  -3.535534   3.535534   0.000000  -8.535534  -1.464466
  0.000000  -8.535534  -1.464466   0.000000  -1.464466  -8.535534
  0.000000  -1.464466  -8.535534  -7.071068   3.535534  -3.535534
  7.071068   3.535534  -3.535534  -0.000000   8.535534   1.464466
  7.071068  -3.535534   3.535534  -0.000000   1.464466   8.535534
  0.000000  -8.535534  -1.464466  -7.071068  -3.535534   3.535534
 -7.071068   3.535534  -3.535534  -0.000000   8.535534   1.464466
 -0.000000   8.535534   1.464466  -0.000000   1.464466   8.535534
 -0.000000   1.464466   8.535534  -7.071068  -3.535534   3.535534
 -7.071068  -3.535534   3.535534  -7.071068   3.535534  -3.535534
