6.032505000000 3.921011000000 -2.452262000000
5.882822000000 3.921011000000 -2.240578000000
5.568466000000 4.365577000000 -2.240578000000
5.568466000000 4.481155000000 -2.543769000000
5.733757000000 4.481155000000 -2.589912000000
6.031887000000 4.270346000000 -2.800722000000
6.032505000000 4.194346000000 -2.800722000000
#
6.278903000000 3.921011000000 -2.800722000000
6.032505000000 3.921011000000 -2.452262000000
6.032505000000 4.194346000000 -2.800722000000
#
6.278903000000 3.921011000000 -2.800722000000
6.032505000000 3.921011000000 -3.102595000000
6.032505000000 4.269909000000 -2.801159000000
#