4.447559000000 1.680433000000 -5.390635000000
4.176350000000 1.680433000000 -5.390635000000
4.176350000000 2.029768000000 -5.041300000000
4.640388000000 1.794975000000 -5.041300000000
4.640388000000 1.816784000000 -5.254284000000
#
5.104427000000 2.144909000000 -4.926159000000
5.104427000000 2.240578000000 -4.830211000000
4.640388000000 2.240578000000 -4.830490000000
4.640388000000 1.794975000000 -5.041300000000
4.941593000000 2.029768000000 -5.041300000000
#
4.694577000000 1.680433000000 -5.041300000000
4.640388000000 1.680433000000 -5.107886000000
4.640388000000 1.816784000000 -5.254284000000
4.941593000000 2.029768000000 -5.041300000000
#